204 10 3
2 0
0 0
24 0
1 0
28 0
3 0
0 1
26 0
0 2
26 0
0 3
26 0
0 4
28 0
4 0
0 5
28 0
3 0
0 6
28 0
5 0
0 6
25 0
1 0
28 0
14 0
29 0
0 6
18 0
1 0
15 0
1 0
16 0
1 1
30 0
28 0
11 0
0 3
19 0
1 2
12 0
5 0
0 4
25 0
0 1
18 0
0 2
28 0
0 3
25 0
0 1
16 0
0 4
17 0
0 2
28 0
0 1
25 0
0 2
28 0
0 2
25 0
0 3
28 0
6 0
28 0
6 0
28 0
4 0
0 7
28 0
2 0
0 8
24 0
1 0
28 0
4 0
0 9
28 0
5 0
8 0
0 1
19 0
1 1
9 0
5 0
0 1
25 0
0 1
16 0
1 1
28 0
0 2
25 0
0 2
17 0
0 1
28 0
10 0
0 9
28 0
6 0
28 0
6 0
28 0
5 0
10 0
0 9
28 0
8 0
7 0
0 8
9 0
14 0
29 0
0 8
30 0
28 0
8 0
0 8
24 0
1 0
9 0
14 0
29 0
0 8
15 0
1 1
30 0
6 0
28 0
5 0
13 0
29 0
0 1
26 0
0 2
30 0
28 0
8 0
0 1
20 0
0 2
9 0
5 0
0 3
25 0
0 1
28 0
0 1
25 0
0 2
28 0
0 2
25 0
0 3
28 0
6 0
28 0
5 0
28 0
0 3
25 0
1 1
28 0
10 0
0 5
28 0
14 0
29 0
0 0
26 0
0 0
17 0
0 1
26 0
0 0
17 0
0 1
18 0
1 0
30 0
28 0
6 0
28 0
13 0
29 0
0 1
30 0
28 0
0 2
25 0
0 1
28 0
10 0
0 7
28 0
14 0
29 0
0 2
30 0
28 0
6 0
27 0
c1
v1
v2
v3
v4
p1
v5
p2
c2
p3
2
1
0
